Castle
24
24
11

000000000000000000000000
011111111100001111111110
010000100000000001000010
010000111100001111000010
010000100000000001000010
011111100000000001111110
001000000000000000000100
001000000000000000000100
001000000000000000000100
001000000000000000000100
001000000000000000000100
001000000000000000000100
001000000000000000000100
001000000000000000000100
001000000000000000000100
001000000000000000000100
001000000000000000000100
001000000000000000000100
011111100000000001111110
010000100000000001000010
010000100000000001000010
010000111111111111000010
011111100000000001111110
000000000000000000000000

000000000000000000000000
011111111100001111111110
010000100000000001000010
010000111100001111000010
010000100000000001000010
011111100000000001111110
001000000000000000000100
001000000000000000000100
001000000000000000000100
001000000000000000000100
001000000000000000000100
001000000000000000000100
001000000000000000000100
001000000000000000000100
001000000000000000000100
001000000000000000000100
001000000000000000000100
001000000000000000000100
011111100000000001111110
010000100000000001000010
010000100000000001000010
010000111111111111000010
011111100000000001111110
000000000000000000000000

000000000000000000000000
011111111100001111111110
010000100000000001000010
010000111100001111000010
010000100000000001000010
011111100000000001111110
001000000000000000000100
001000000000000000000100
001000000000000000000100
001000000000000000000100
001000000000000000000100
001000000000000000000100
001000000000000000000100
001000000000000000000100
001000000000000000000100
001000000000000000000100
001000000000000000000100
001000000000000000000100
011111100000000001111110
010000100000000001000010
010000100000000001000010
010000111111111111000010
011111100000000001111110
000000000000000000000000

000000000000000000000000
011111111100001111111110
010000100000000001000010
010000111100001111000010
010000100000000001000010
011111100000000001111110
001000000000000000000100
001000000000000000000100
001000000000000000000100
001000000000000000000100
001000000000000000000100
001000000000000000000100
001000000000000000000100
001000000000000000000100
001000000000000000000100
001000000000000000000100
001000000000000000000100
001000000000000000000100
011111100000000001111110
010000100000000001000010
010000100000000001000010
010000111111111111000010
011111100000000001111110
000000000000000000000000

000000000000000000000000
011111111111111111111110
010000100000000001000010
010000111111111111000010
010000100000000001000010
011111100000000001111110
001000000000000000000100
001000000000000000000100
001000000000000000000100
001000000000000000000100
001000000000000000000100
001000000000000000000100
001000000000000000000100
001000000000000000000100
001000000000000000000100
001000000000000000000100
001000000000000000000100
001000000000000000000100
011111100000000001111110
010000100000000001000010
010000100000000001000010
010000111111111111000010
011111100000000001111110
000000000000000000000000

000000000000000000000000
011111111111111111111110
010000100000000001000010
010000111111111111000010
010000100000000001000010
011111100000000001111110
001000000000000000000100
001000000000000000000100
001000000000000000000100
001000000000000000000100
001000000000000000000100
001000000000000000000100
001000000000000000000100
001000000000000000000100
001000000000000000000100
001000000000000000000100
001000000000000000000100
001000000000000000000100
011111100000000001111110
010000100000000001000010
010000100000000001000010
010000111111111111000010
011111100000000001111110
000000000000000000000000

000000000000000000000000
011111111111111111111110
010000100000000001000010
010000111111111111000010
010000100000000001000010
011111100000000001111110
001000000000000000000100
001000000000000000000100
001000000000000000000100
001000000000000000000100
001000000000000000000100
001000000000000000000100
001000000000000000000100
001000000000000000000100
001000000000000000000100
001000000000000000000100
001000000000000000000100
001000000000000000000100
011111100000000001111110
010000100000000001000010
010000100000000001000010
010000111111111111000010
011111100000000001111110
000000000000000000000000

000000000000000000000000
011111111111111111111110
010000100000000001000010
010000111111111111000010
010000100000000001000010
011111100000000001111110
001000000000000000000100
001000000000000000000100
001000000000000000000100
001000000000000000000100
001000000000000000000100
001000000000000000000100
001000000000000000000100
001000000000000000000100
001000000000000000000100
001000000000000000000100
001000000000000000000100
001000000000000000000100
011111100000000001111110
010000100000000001000010
010000100000000001000010
010000111111111111000010
011111100000000001111110
000000000000000000000000

011111000000000000111110
111111100000000001111111
111111100000000001111111
111111100000000001111111
111111100000000001111111
111111100000000001111111
011111000000000000111110
000000000000000000000000
000000000000000000000000
000000000000000000000000
000000000000000000000000
000000000000000000000000
000000000000000000000000
000000000000000000000000
000000000000000000000000
000000000000000000000000
000000000000000000000000
011111000000000000111110
111111100000000001111111
111111100000000001111111
111111100000000001111111
111111100000000001111111
111111100000000001111111
011111000000000000111110

011111000000000000111110
100000100000000001000001
100000100000000001000001
100000100000000001000001
100000100000000001000001
100000100000000001000001
011111000000000000111110
000000000000000000000000
000000000000000000000000
000000000000000000000000
000000000000000000000000
000000000000000000000000
000000000000000000000000
000000000000000000000000
000000000000000000000000
000000000000000000000000
000000000000000000000000
011111000000000000111110
100000100000000001000001
100000100000000001000001
100000100000000001000001
100000100000000001000001
100000100000000001000001
011111000000000000111110

010101000000000000101010
100000100000000001000001
000000000000000000000000
100000100000000001000001
000000000000000000000000
100000100000000001000001
010101000000000000101010
000000000000000000000000
000000000000000000000000
000000000000000000000000
000000000000000000000000
000000000000000000000000
000000000000000000000000
000000000000000000000000
000000000000000000000000
000000000000000000000000
000000000000000000000000
010101000000000000101010
100000100000000001000001
000000000000000000000000
100000100000000001000001
000000000000000000000000
100000100000000001000001
010101000000000000101010